Prices = [
    1898.01
    1874.97
    1902.88
    1906.86
    1891.97
    1901.05
    1883.16
    1891.30
    1869.44
    1862.02
    1877.94
    1864.72
    1892.00
    1887.46
    1884.58
    1861.64
    1828.34
    1853.25
    1858.00
    1870.68
    2008.72
    2004.20
    2049.67
    2039.87
    2050.23
    2079.28
    2133.91
    2150.80
    2160.00
    2149.87
    2134.87
    2155.67
    2170.22
    2153.10
    2095.97
    2009.29
    1972.74
    1979.59
    1884.30
    1883.75
    1953.95
    1908.99
    1975.83
    1924.03
    1901.09
    1800.61
    1891.82
    1820.86
    1676.61
    1785.00
    1689.15
    1807.84
    1830.00
    1880.93
    1846.09
    1902.83
    1940.10
    1885.84
    1955.49
    1900.10
    1963.95
    1949.72
    1907.70
    1918.83
    1906.59
    1997.59
    2011.60
    2043.00
    2042.76
    2168.87
    2283.32
    2307.68
    2408.19
    2375.00
    2393.61
    2328.12
    2363.49
    2399.45
    2410.22
    2376.00
    2314.08
    2372.71
    2474.00
    2286.04
    2315.99
    2317.80
    2351.26
    2367.61
    2379.61
    2409.00
    2356.95
    2367.92
    2388.85
    2409.78
    2426.26
    2449.33
    2497.94
    2446.74
    2436.88
    2421.86
    2410.39
    2401.10
    2442.37
    2471.04
    2472.41
    2478.40
    2460.60
    2483.00
    2524.06
    2600.86
    2647.45
    2557.96
    2545.02
    2572.68
    2615.27
    2640.98
    2653.98
    2675.01
    2713.82
    2764.41
    2734.40
    2754.58
    2692.87
    2680.38
    2758.82
    2878.70
    2890.30
    3057.04
    3000.12
    3081.11
    3182.63
    3200.00
    3104.00
    3084.00
    3008.87
    2999.90
    2961.97
    3196.84
    3138.29
    3099.91
    2986.55
    3008.91
    3055.21
    3000.33
    3033.53
    3051.88
    3164.68
    3111.89
    3138.83
    3205.03
    3225.00
    3167.46
    3148.16
    3080.67
    3162.24
    3161.02
    3148.02
    3182.41
    3312.49
    3260.48
    3297.37
    3284.72
    3307.46
    3346.49
    3441.85
    3400.00
    3401.80
    3450.96
    3499.12
    3531.45
    3368.00
    3294.62
    3149.84
    3268.61
    3175.11
    3116.22
    3102.97
    3156.13
    3078.10
    3008.73
    2954.91
    2960.47
    3128.99
    2999.86
    3019.79
    3095.13
    3174.05
    3144.88
    3148.73
    3221.26
    3125.00
    3199.20
    3099.96
    3195.69
    3190.55
    3286.65
    3442.93
    3443.63
    3363.71
    3338.65
    3272.71
    3207.21
    3217.01
    3184.94
    3176.40
    3204.40
    3207.04
    3286.33
    3162.78
    3211.01
    3036.15
    3004.48
    3048.41
    3241.16
    3322.00
    3311.37
    3143.74
    3035.02
    3137.39
    3110.28
    3128.81
    3131.06
    3135.66
    3105.46
    3117.02
    3099.40
    3098.39
    3118.06
    3185.07
    3195.34
    3168.04
    3220.08
    3203.53
    3186.73
    3162.58
    3158.00
    3177.29
    3104.20
    3101.49
    3116.42
    3156.97
    3165.12
    3240.96
    3236.08
    3201.65
    3206.18
    3206.52
    3185.27
    3172.69
    3283.96
    3322.00
    3285.85
    3256.93
    3186.63
    3218.51
    3138.38
    3162.16
    3182.70
    3114.21
    3120.83
    3165.89
    3127.47
    3104.25
    3120.76
    3263.38
    3306.99
    3292.23
    3294.00
    3326.13
    3232.58
    3237.62
    3206.20
    3342.88
    3380.00
    3312.53
    3331.00
    3352.15
    3322.94
    3305.00
    3286.58
    3262.13
    3277.71
    3268.95
    3308.64
    3328.23
    3249.90
    3180.74
    3194.50
    3159.53
    3057.16
    3092.93
    3146.14
    3094.53
    3005.00
    2977.57
    3000.46
    2951.95
    3062.85
    3057.64
    3113.59
    3089.49
    3081.68
    3091.86
    3135.73
    3027.99
    3074.96
    3110.87
    3137.50
    3087.07
    3046.26
    3052.03
    3075.73
    3055.29
    3094.08
    3161.00
    3226.73
    3223.82
    3279.39
    3299.30
    3372.20
    3379.39
    3400.00
    3333.00
    3379.09
    3399.44
    3372.01
    3334.69
    3362.02
    3309.04
    3340.88
    3409.00
    3417.43
    3458.50
    3471.31
    3467.42
    3386.49
    3311.87
    3270.54
    3306.37
    3291.61
    3190.49
    3223.91
    3151.94
    3161.47
    3222.90
    3270.39
    3232.28
    3231.80
    3247.68
    3203.08
    3244.99
    3259.05
    3265.16
    3230.11
    3223.07
    3218.65
    3233.99
    3187.01
    3206.22
    3198.01
    3264.11
    3281.15
    3349.65
    3346.83
    3383.87
    3383.13
    3415.25
    3489.24
    3486.90
    3453.96
    3505.44
    3503.82
    3449.08
    3401.46
    3443.89
    3448.14
    3440.16
    3432.97
    3510.98
    3675.74
    3696.58
    3731.41
    3719.34
    3718.55
    3677.36
    3681.68
    3631.20
    3573.63
    3549.59
    3573.19
    3585.20
    3638.03
    3656.64
    3699.82
    3626.39
    3630.32
    3599.92
    3327.59
    3331.48
    3366.24
    3354.72
    3375.99
    3344.94
    3341.87
    3320.68
    3292.11
    3303.50
    3293.97
    3298.99
    3241.96
    3201.22
    3187.75
    3199.95
    3265.87
    3305.78
    3299.18
    3316.00
    3349.63
    3421.57
    3470.79
    3479.00
    3463.12
    3478.05];